Episode	 Steps	 Score	 Best_Score	 Epsilon	
0	 250	 0.00	 -inf	 1.00	
1	 250	 0.00	 0.00	 1.00	
2	 250	 0.00	 0.00	 0.99	
3	 250	 0.00	 0.00	 0.99	
4	 250	 0.00	 0.00	 0.99	
5	 250	 0.00	 0.00	 0.99	
6	 126	 0.55	 0.00	 0.98	
7	 250	 0.00	 0.55	 0.98	
8	 250	 0.00	 0.55	 0.98	
9	 250	 0.00	 0.55	 0.98	
10	 250	 0.00	 0.55	 0.97	
11	 250	 0.00	 0.55	 0.97	
12	 250	 0.00	 0.55	 0.97	
13	 250	 0.00	 0.55	 0.97	
14	 250	 0.00	 0.55	 0.96	
15	 250	 0.00	 0.55	 0.96	
16	 250	 0.00	 0.55	 0.96	
17	 250	 0.00	 0.55	 0.96	
18	 250	 0.00	 0.55	 0.95	
19	 250	 0.00	 0.55	 0.95	
20	 250	 0.00	 0.55	 0.95	
21	 250	 0.00	 0.55	 0.95	
22	 250	 0.00	 0.55	 0.94	
23	 250	 0.00	 0.55	 0.94	
24	 250	 0.00	 0.55	 0.94	
25	 250	 0.00	 0.55	 0.94	
26	 250	 0.00	 0.55	 0.93	
27	 250	 0.00	 0.55	 0.93	
28	 250	 0.00	 0.55	 0.93	
29	 250	 0.00	 0.55	 0.93	
30	 73	 0.74	 0.55	 0.93	
31	 250	 0.00	 0.74	 0.92	
32	 119	 0.57	 0.74	 0.92	
33	 238	 0.14	 0.74	 0.92	
34	 250	 0.00	 0.74	 0.92	
35	 100	 0.64	 0.74	 0.92	
36	 225	 0.19	 0.74	 0.91	
37	 250	 0.00	 0.74	 0.91	
38	 250	 0.00	 0.74	 0.91	
39	 109	 0.61	 0.74	 0.91	
40	 224	 0.19	 0.74	 0.91	
41	 250	 0.00	 0.74	 0.90	
42	 232	 0.16	 0.74	 0.90	
43	 250	 0.00	 0.74	 0.90	
44	 250	 0.00	 0.74	 0.90	
45	 190	 0.32	 0.74	 0.89	
46	 249	 0.10	 0.74	 0.89	
47	 250	 0.00	 0.74	 0.89	
48	 107	 0.61	 0.74	 0.89	
49	 105	 0.62	 0.74	 0.89	
50	 119	 0.57	 0.74	 0.89	
51	 91	 0.67	 0.74	 0.88	
52	 250	 0.00	 0.74	 0.88	
53	 153	 0.45	 0.74	 0.88	
54	 76	 0.73	 0.74	 0.88	
55	 233	 0.16	 0.74	 0.88	
56	 250	 0.00	 0.74	 0.88	
57	 250	 0.00	 0.74	 0.87	
58	 250	 0.00	 0.74	 0.87	
59	 102	 0.63	 0.74	 0.87	
60	 250	 0.00	 0.74	 0.87	
61	 51	 0.82	 0.74	 0.87	
62	 250	 0.00	 0.82	 0.86	
63	 250	 0.00	 0.82	 0.86	
64	 250	 0.00	 0.82	 0.86	
65	 250	 0.00	 0.82	 0.86	
66	 94	 0.66	 0.82	 0.86	
67	 134	 0.52	 0.82	 0.85	
68	 178	 0.36	 0.82	 0.85	
69	 250	 0.00	 0.82	 0.85	
70	 90	 0.68	 0.82	 0.85	
71	 250	 0.00	 0.82	 0.85	
72	 250	 0.00	 0.82	 0.84	
73	 230	 0.17	 0.82	 0.84	
74	 149	 0.46	 0.82	 0.84	
75	 250	 0.00	 0.82	 0.84	
76	 168	 0.40	 0.82	 0.84	
77	 211	 0.24	 0.82	 0.83	
78	 250	 0.00	 0.82	 0.83	
79	 79	 0.72	 0.82	 0.83	
80	 250	 0.00	 0.82	 0.83	
81	 250	 0.00	 0.82	 0.83	
82	 218	 0.22	 0.82	 0.82	
83	 250	 0.00	 0.82	 0.82	
84	 250	 0.00	 0.82	 0.82	
85	 137	 0.51	 0.82	 0.82	
86	 199	 0.28	 0.82	 0.81	
87	 250	 0.00	 0.82	 0.81	
88	 250	 0.00	 0.82	 0.81	
89	 250	 0.00	 0.82	 0.81	
90	 250	 0.00	 0.82	 0.80	
91	 250	 0.00	 0.82	 0.80	
92	 250	 0.00	 0.82	 0.80	
93	 250	 0.00	 0.82	 0.80	
94	 79	 0.72	 0.82	 0.80	
95	 250	 0.00	 0.82	 0.79	
96	 250	 0.00	 0.82	 0.79	
97	 250	 0.00	 0.82	 0.79	
98	 250	 0.00	 0.82	 0.79	
99	 250	 0.00	 0.82	 0.78	
100	 250	 0.00	 0.82	 0.78	
101	 250	 0.00	 0.82	 0.78	
102	 250	 0.00	 0.82	 0.78	
103	 250	 0.00	 0.82	 0.77	
104	 66	 0.76	 0.82	 0.77	
105	 113	 0.59	 0.82	 0.77	
106	 250	 0.00	 0.82	 0.77	
107	 250	 0.00	 0.82	 0.77	
108	 250	 0.00	 0.82	 0.76	
109	 250	 0.00	 0.82	 0.76	
110	 250	 0.00	 0.82	 0.76	
111	 250	 0.00	 0.82	 0.76	
112	 250	 0.00	 0.82	 0.75	
113	 250	 0.00	 0.82	 0.75	
114	 139	 0.50	 0.82	 0.75	
115	 250	 0.00	 0.82	 0.75	
116	 250	 0.00	 0.82	 0.75	
117	 250	 0.00	 0.82	 0.74	
118	 250	 0.00	 0.82	 0.74	
119	 219	 0.21	 0.82	 0.74	
120	 250	 0.00	 0.82	 0.74	
121	 122	 0.56	 0.82	 0.73	
122	 250	 0.00	 0.82	 0.73	
123	 98	 0.65	 0.82	 0.73	
124	 250	 0.00	 0.82	 0.73	
125	 250	 0.00	 0.82	 0.73	
126	 188	 0.32	 0.82	 0.72	
127	 234	 0.16	 0.82	 0.72	
128	 99	 0.64	 0.82	 0.72	
129	 101	 0.64	 0.82	 0.72	
130	 250	 0.00	 0.82	 0.72	
131	 250	 0.00	 0.82	 0.72	
132	 250	 0.00	 0.82	 0.71	
133	 143	 0.49	 0.82	 0.71	
134	 250	 0.00	 0.82	 0.71	
135	 250	 0.00	 0.82	 0.71	
136	 174	 0.37	 0.82	 0.70	
137	 250	 0.00	 0.82	 0.70	
138	 250	 0.00	 0.82	 0.70	
139	 250	 0.00	 0.82	 0.70	
140	 250	 0.00	 0.82	 0.69	
141	 250	 0.00	 0.82	 0.69	
142	 250	 0.00	 0.82	 0.69	
143	 250	 0.00	 0.82	 0.69	
144	 250	 0.00	 0.82	 0.68	
145	 137	 0.51	 0.82	 0.68	
146	 250	 0.00	 0.82	 0.68	
147	 145	 0.48	 0.82	 0.68	
148	 155	 0.44	 0.82	 0.68	
149	 250	 0.00	 0.82	 0.68	
150	 250	 0.00	 0.82	 0.67	
151	 250	 0.00	 0.82	 0.67	
152	 250	 0.00	 0.82	 0.67	
153	 157	 0.43	 0.82	 0.67	
154	 250	 0.00	 0.82	 0.66	
155	 70	 0.75	 0.82	 0.66	
156	 250	 0.00	 0.82	 0.66	
157	 250	 0.00	 0.82	 0.66	
158	 250	 0.00	 0.82	 0.66	
159	 250	 0.00	 0.82	 0.65	
160	 250	 0.00	 0.82	 0.65	
161	 250	 0.00	 0.82	 0.65	
162	 250	 0.00	 0.82	 0.65	
163	 250	 0.00	 0.82	 0.64	
164	 250	 0.00	 0.82	 0.64	
165	 250	 0.00	 0.82	 0.64	
166	 250	 0.00	 0.82	 0.64	
167	 250	 0.00	 0.82	 0.63	
168	 250	 0.00	 0.82	 0.63	
169	 250	 0.00	 0.82	 0.63	
170	 250	 0.00	 0.82	 0.63	
171	 250	 0.00	 0.82	 0.62	
172	 250	 0.00	 0.82	 0.62	
173	 250	 0.00	 0.82	 0.62	
174	 250	 0.00	 0.82	 0.62	
175	 250	 0.00	 0.82	 0.61	
176	 250	 0.00	 0.82	 0.61	
177	 250	 0.00	 0.82	 0.61	
178	 250	 0.00	 0.82	 0.61	
179	 250	 0.00	 0.82	 0.60	
180	 250	 0.00	 0.82	 0.60	
181	 250	 0.00	 0.82	 0.60	
182	 250	 0.00	 0.82	 0.60	
183	 250	 0.00	 0.82	 0.59	
184	 250	 0.00	 0.82	 0.59	
185	 250	 0.00	 0.82	 0.59	
186	 250	 0.00	 0.82	 0.59	
187	 220	 0.21	 0.82	 0.58	
188	 250	 0.00	 0.82	 0.58	
189	 126	 0.55	 0.82	 0.58	
190	 250	 0.00	 0.82	 0.58	
191	 250	 0.00	 0.82	 0.57	
192	 250	 0.00	 0.82	 0.57	
193	 250	 0.00	 0.82	 0.57	
194	 250	 0.00	 0.82	 0.57	
195	 250	 0.00	 0.82	 0.56	
196	 215	 0.23	 0.82	 0.56	
197	 121	 0.56	 0.82	 0.56	
198	 250	 0.00	 0.82	 0.56	
199	 250	 0.00	 0.82	 0.56	
200	 250	 0.00	 0.82	 0.55	
201	 142	 0.49	 0.82	 0.55	
202	 68	 0.76	 0.82	 0.55	
203	 250	 0.00	 0.82	 0.55	
204	 250	 0.00	 0.82	 0.55	
205	 250	 0.00	 0.82	 0.54	
206	 217	 0.22	 0.82	 0.54	
207	 250	 0.00	 0.82	 0.54	
208	 250	 0.00	 0.82	 0.54	
209	 250	 0.00	 0.82	 0.53	
210	 216	 0.22	 0.82	 0.53	
211	 250	 0.00	 0.82	 0.53	
212	 250	 0.00	 0.82	 0.53	
213	 232	 0.16	 0.82	 0.52	
214	 250	 0.00	 0.82	 0.52	
215	 250	 0.00	 0.82	 0.52	
216	 250	 0.00	 0.82	 0.52	
217	 250	 0.00	 0.82	 0.51	
218	 250	 0.00	 0.82	 0.51	
219	 250	 0.00	 0.82	 0.51	
220	 250	 0.00	 0.82	 0.51	
221	 81	 0.71	 0.82	 0.51	
222	 250	 0.00	 0.82	 0.50	
223	 250	 0.00	 0.82	 0.50	
224	 250	 0.00	 0.82	 0.50	
225	 250	 0.00	 0.82	 0.50	
226	 250	 0.00	 0.82	 0.49	
227	 150	 0.46	 0.82	 0.49	
228	 52	 0.81	 0.82	 0.49	
229	 250	 0.00	 0.82	 0.49	
230	 250	 0.00	 0.82	 0.49	
231	 188	 0.32	 0.82	 0.49	
232	 250	 0.00	 0.82	 0.48	
233	 250	 0.00	 0.82	 0.48	
234	 130	 0.53	 0.82	 0.48	
235	 250	 0.00	 0.82	 0.48	
236	 250	 0.00	 0.82	 0.47	
237	 250	 0.00	 0.82	 0.47	
238	 189	 0.32	 0.82	 0.47	
239	 250	 0.00	 0.82	 0.47	
240	 250	 0.00	 0.82	 0.46	
241	 250	 0.00	 0.82	 0.46	
242	 91	 0.67	 0.82	 0.46	
243	 250	 0.00	 0.82	 0.46	
244	 250	 0.00	 0.82	 0.46	
245	 250	 0.00	 0.82	 0.45	
246	 186	 0.33	 0.82	 0.45	
247	 250	 0.00	 0.82	 0.45	
248	 250	 0.00	 0.82	 0.45	
249	 250	 0.00	 0.82	 0.44	
250	 250	 0.00	 0.82	 0.44	
251	 250	 0.00	 0.82	 0.44	
252	 250	 0.00	 0.82	 0.44	
253	 250	 0.00	 0.82	 0.43	
254	 250	 0.00	 0.82	 0.43	
255	 77	 0.72	 0.82	 0.43	
256	 97	 0.65	 0.82	 0.43	
257	 23	 0.92	 0.82	 0.43	
258	 31	 0.89	 0.92	 0.43	
259	 250	 0.00	 0.92	 0.43	
260	 250	 0.00	 0.92	 0.42	
261	 250	 0.00	 0.92	 0.42	
262	 107	 0.61	 0.92	 0.42	
263	 250	 0.00	 0.92	 0.42	
264	 250	 0.00	 0.92	 0.42	
265	 65	 0.77	 0.92	 0.42	
266	 100	 0.64	 0.92	 0.41	
267	 143	 0.49	 0.92	 0.41	
268	 250	 0.00	 0.92	 0.41	
269	 250	 0.00	 0.92	 0.41	
270	 250	 0.00	 0.92	 0.41	
271	 250	 0.00	 0.92	 0.40	
272	 250	 0.00	 0.92	 0.40	
273	 250	 0.00	 0.92	 0.40	
274	 250	 0.00	 0.92	 0.40	
275	 250	 0.00	 0.92	 0.39	
276	 250	 0.00	 0.92	 0.39	
277	 250	 0.00	 0.92	 0.39	
278	 250	 0.00	 0.92	 0.39	
279	 250	 0.00	 0.92	 0.38	
280	 166	 0.40	 0.92	 0.38	
281	 250	 0.00	 0.92	 0.38	
282	 250	 0.00	 0.92	 0.38	
283	 250	 0.00	 0.92	 0.37	
284	 250	 0.00	 0.92	 0.37	
285	 250	 0.00	 0.92	 0.37	
286	 250	 0.00	 0.92	 0.37	
287	 250	 0.00	 0.92	 0.36	
288	 121	 0.56	 0.92	 0.36	
289	 250	 0.00	 0.92	 0.36	
290	 41	 0.85	 0.92	 0.36	
291	 250	 0.00	 0.92	 0.36	
292	 250	 0.00	 0.92	 0.35	
293	 250	 0.00	 0.92	 0.35	
294	 250	 0.00	 0.92	 0.35	
295	 250	 0.00	 0.92	 0.35	
296	 250	 0.00	 0.92	 0.34	
297	 123	 0.56	 0.92	 0.34	
298	 250	 0.00	 0.92	 0.34	
299	 250	 0.00	 0.92	 0.34	
300	 250	 0.00	 0.92	 0.34	
301	 112	 0.60	 0.92	 0.33	
302	 250	 0.00	 0.92	 0.33	
303	 250	 0.00	 0.92	 0.33	
304	 250	 0.00	 0.92	 0.33	
305	 250	 0.00	 0.92	 0.32	
306	 250	 0.00	 0.92	 0.32	
307	 250	 0.00	 0.92	 0.32	
308	 250	 0.00	 0.92	 0.32	
309	 250	 0.00	 0.92	 0.31	
310	 250	 0.00	 0.92	 0.31	
311	 250	 0.00	 0.92	 0.31	
312	 250	 0.00	 0.92	 0.31	
313	 250	 0.00	 0.92	 0.30	
314	 250	 0.00	 0.92	 0.30	
315	 199	 0.28	 0.92	 0.30	
316	 250	 0.00	 0.92	 0.30	
317	 250	 0.00	 0.92	 0.30	
318	 196	 0.29	 0.92	 0.29	
319	 250	 0.00	 0.92	 0.29	
320	 250	 0.00	 0.92	 0.29	
321	 103	 0.63	 0.92	 0.29	
322	 250	 0.00	 0.92	 0.28	
323	 250	 0.00	 0.92	 0.28	
324	 250	 0.00	 0.92	 0.28	
325	 250	 0.00	 0.92	 0.28	
326	 250	 0.00	 0.92	 0.27	
327	 250	 0.00	 0.92	 0.27	
328	 250	 0.00	 0.92	 0.27	
329	 250	 0.00	 0.92	 0.27	
330	 250	 0.00	 0.92	 0.26	
331	 250	 0.00	 0.92	 0.26	
332	 250	 0.00	 0.92	 0.26	
333	 250	 0.00	 0.92	 0.26	
334	 250	 0.00	 0.92	 0.25	
335	 250	 0.00	 0.92	 0.25	
336	 250	 0.00	 0.92	 0.25	
337	 250	 0.00	 0.92	 0.25	
338	 250	 0.00	 0.92	 0.24	
339	 250	 0.00	 0.92	 0.24	
340	 250	 0.00	 0.92	 0.24	
341	 141	 0.49	 0.92	 0.24	
342	 250	 0.00	 0.92	 0.24	
343	 250	 0.00	 0.92	 0.23	
344	 250	 0.00	 0.92	 0.23	
345	 250	 0.00	 0.92	 0.23	
346	 250	 0.00	 0.92	 0.23	
347	 250	 0.00	 0.92	 0.22	
348	 250	 0.00	 0.92	 0.22	
349	 250	 0.00	 0.92	 0.22	
350	 250	 0.00	 0.92	 0.22	
351	 250	 0.00	 0.92	 0.21	
352	 250	 0.00	 0.92	 0.21	
353	 250	 0.00	 0.92	 0.21	
354	 250	 0.00	 0.92	 0.21	
355	 250	 0.00	 0.92	 0.20	
356	 250	 0.00	 0.92	 0.20	
357	 250	 0.00	 0.92	 0.20	
358	 250	 0.00	 0.92	 0.20	
359	 250	 0.00	 0.92	 0.19	
360	 250	 0.00	 0.92	 0.19	
361	 250	 0.00	 0.92	 0.19	
362	 250	 0.00	 0.92	 0.19	
363	 250	 0.00	 0.92	 0.18	
364	 250	 0.00	 0.92	 0.18	
365	 250	 0.00	 0.92	 0.18	
366	 250	 0.00	 0.92	 0.18	
367	 250	 0.00	 0.92	 0.17	
368	 250	 0.00	 0.92	 0.17	
369	 250	 0.00	 0.92	 0.17	
370	 250	 0.00	 0.92	 0.17	
371	 250	 0.00	 0.92	 0.16	
372	 250	 0.00	 0.92	 0.16	
373	 250	 0.00	 0.92	 0.16	
374	 250	 0.00	 0.92	 0.16	
375	 250	 0.00	 0.92	 0.15	
376	 250	 0.00	 0.92	 0.15	
377	 250	 0.00	 0.92	 0.15	
378	 250	 0.00	 0.92	 0.15	
379	 250	 0.00	 0.92	 0.14	
380	 250	 0.00	 0.92	 0.14	
381	 250	 0.00	 0.92	 0.14	
382	 250	 0.00	 0.92	 0.14	
383	 250	 0.00	 0.92	 0.13	
384	 250	 0.00	 0.92	 0.13	
385	 250	 0.00	 0.92	 0.13	
386	 250	 0.00	 0.92	 0.13	
387	 250	 0.00	 0.92	 0.12	
388	 250	 0.00	 0.92	 0.12	
389	 250	 0.00	 0.92	 0.12	
390	 250	 0.00	 0.92	 0.12	
391	 250	 0.00	 0.92	 0.11	
392	 250	 0.00	 0.92	 0.11	
393	 250	 0.00	 0.92	 0.11	
394	 250	 0.00	 0.92	 0.11	
395	 250	 0.00	 0.92	 0.10	
396	 250	 0.00	 0.92	 0.10	
397	 250	 0.00	 0.92	 0.10	
398	 250	 0.00	 0.92	 0.10	
399	 250	 0.00	 0.92	 0.10	
400	 250	 0.00	 0.92	 0.10	
401	 250	 0.00	 0.92	 0.10	
402	 250	 0.00	 0.92	 0.10	
403	 250	 0.00	 0.92	 0.10	
404	 250	 0.00	 0.92	 0.10	
405	 250	 0.00	 0.92	 0.10	
406	 250	 0.00	 0.92	 0.10	
407	 250	 0.00	 0.92	 0.10	
408	 250	 0.00	 0.92	 0.10	
409	 250	 0.00	 0.92	 0.10	
410	 250	 0.00	 0.92	 0.10	
411	 250	 0.00	 0.92	 0.10	
412	 250	 0.00	 0.92	 0.10	
413	 250	 0.00	 0.92	 0.10	
414	 250	 0.00	 0.92	 0.10	
415	 250	 0.00	 0.92	 0.10	
416	 250	 0.00	 0.92	 0.10	
417	 250	 0.00	 0.92	 0.10	
418	 250	 0.00	 0.92	 0.10	
419	 250	 0.00	 0.92	 0.10	
420	 250	 0.00	 0.92	 0.10	
421	 250	 0.00	 0.92	 0.10	
422	 250	 0.00	 0.92	 0.10	
423	 250	 0.00	 0.92	 0.10	
424	 250	 0.00	 0.92	 0.10	
425	 250	 0.00	 0.92	 0.10	
426	 250	 0.00	 0.92	 0.10	
427	 250	 0.00	 0.92	 0.10	
428	 250	 0.00	 0.92	 0.10	
429	 250	 0.00	 0.92	 0.10	
430	 250	 0.00	 0.92	 0.10	
431	 250	 0.00	 0.92	 0.10	
432	 250	 0.00	 0.92	 0.10	
433	 250	 0.00	 0.92	 0.10	
434	 250	 0.00	 0.92	 0.10	
435	 250	 0.00	 0.92	 0.10	
436	 250	 0.00	 0.92	 0.10	
437	 250	 0.00	 0.92	 0.10	
438	 250	 0.00	 0.92	 0.10	
439	 250	 0.00	 0.92	 0.10	
440	 233	 0.16	 0.92	 0.10	
441	 250	 0.00	 0.92	 0.10	
442	 250	 0.00	 0.92	 0.10	
443	 250	 0.00	 0.92	 0.10	
444	 250	 0.00	 0.92	 0.10	
445	 250	 0.00	 0.92	 0.10	
446	 250	 0.00	 0.92	 0.10	
447	 250	 0.00	 0.92	 0.10	
448	 250	 0.00	 0.92	 0.10	
449	 250	 0.00	 0.92	 0.10	
450	 250	 0.00	 0.92	 0.10	
451	 250	 0.00	 0.92	 0.10	
452	 250	 0.00	 0.92	 0.10	
453	 144	 0.48	 0.92	 0.10	
454	 250	 0.00	 0.92	 0.10	
455	 250	 0.00	 0.92	 0.10	
456	 250	 0.00	 0.92	 0.10	
457	 250	 0.00	 0.92	 0.10	
458	 250	 0.00	 0.92	 0.10	
459	 250	 0.00	 0.92	 0.10	
460	 250	 0.00	 0.92	 0.10	
461	 250	 0.00	 0.92	 0.10	
462	 250	 0.00	 0.92	 0.10	
463	 250	 0.00	 0.92	 0.10	
464	 250	 0.00	 0.92	 0.10	
465	 250	 0.00	 0.92	 0.10	
466	 250	 0.00	 0.92	 0.10	
467	 250	 0.00	 0.92	 0.10	
468	 250	 0.00	 0.92	 0.10	
469	 250	 0.00	 0.92	 0.10	
470	 250	 0.00	 0.92	 0.10	
471	 250	 0.00	 0.92	 0.10	
472	 250	 0.00	 0.92	 0.10	
473	 250	 0.00	 0.92	 0.10	
474	 250	 0.00	 0.92	 0.10	
475	 250	 0.00	 0.92	 0.10	
476	 250	 0.00	 0.92	 0.10	
477	 250	 0.00	 0.92	 0.10	
478	 250	 0.00	 0.92	 0.10	
479	 250	 0.00	 0.92	 0.10	
480	 250	 0.00	 0.92	 0.10	
481	 250	 0.00	 0.92	 0.10	
482	 250	 0.00	 0.92	 0.10	
483	 250	 0.00	 0.92	 0.10	
484	 250	 0.00	 0.92	 0.10	
485	 250	 0.00	 0.92	 0.10	
486	 250	 0.00	 0.92	 0.10	
487	 250	 0.00	 0.92	 0.10	
488	 250	 0.00	 0.92	 0.10	
489	 250	 0.00	 0.92	 0.10	
490	 250	 0.00	 0.92	 0.10	
491	 250	 0.00	 0.92	 0.10	
492	 250	 0.00	 0.92	 0.10	
493	 250	 0.00	 0.92	 0.10	
494	 250	 0.00	 0.92	 0.10	
495	 250	 0.00	 0.92	 0.10	
496	 250	 0.00	 0.92	 0.10	
497	 250	 0.00	 0.92	 0.10	
498	 250	 0.00	 0.92	 0.10	
499	 250	 0.00	 0.92	 0.10	
500	 250	 0.00	 0.92	 0.10	
501	 250	 0.00	 0.92	 0.10	
502	 250	 0.00	 0.92	 0.10	
503	 250	 0.00	 0.92	 0.10	
504	 250	 0.00	 0.92	 0.10	
505	 250	 0.00	 0.92	 0.10	
506	 250	 0.00	 0.92	 0.10	
507	 250	 0.00	 0.92	 0.10	
508	 250	 0.00	 0.92	 0.10	
509	 250	 0.00	 0.92	 0.10	
510	 250	 0.00	 0.92	 0.10	
511	 250	 0.00	 0.92	 0.10	
512	 250	 0.00	 0.92	 0.10	
513	 250	 0.00	 0.92	 0.10	
514	 250	 0.00	 0.92	 0.10	
515	 250	 0.00	 0.92	 0.10	
516	 250	 0.00	 0.92	 0.10	
517	 250	 0.00	 0.92	 0.10	
518	 250	 0.00	 0.92	 0.10	
519	 250	 0.00	 0.92	 0.10	
520	 250	 0.00	 0.92	 0.10	
521	 250	 0.00	 0.92	 0.10	
522	 250	 0.00	 0.92	 0.10	
523	 250	 0.00	 0.92	 0.10	
524	 250	 0.00	 0.92	 0.10	
525	 250	 0.00	 0.92	 0.10	
526	 250	 0.00	 0.92	 0.10	
527	 250	 0.00	 0.92	 0.10	
528	 250	 0.00	 0.92	 0.10	
529	 250	 0.00	 0.92	 0.10	
530	 250	 0.00	 0.92	 0.10	
531	 250	 0.00	 0.92	 0.10	
532	 250	 0.00	 0.92	 0.10	
533	 250	 0.00	 0.92	 0.10	
534	 250	 0.00	 0.92	 0.10	
535	 250	 0.00	 0.92	 0.10	
536	 250	 0.00	 0.92	 0.10	
537	 250	 0.00	 0.92	 0.10	
538	 250	 0.00	 0.92	 0.10	
539	 250	 0.00	 0.92	 0.10	
540	 250	 0.00	 0.92	 0.10	
541	 250	 0.00	 0.92	 0.10	
542	 250	 0.00	 0.92	 0.10	
543	 250	 0.00	 0.92	 0.10	
544	 250	 0.00	 0.92	 0.10	
545	 250	 0.00	 0.92	 0.10	
546	 250	 0.00	 0.92	 0.10	
547	 250	 0.00	 0.92	 0.10	
548	 250	 0.00	 0.92	 0.10	
549	 250	 0.00	 0.92	 0.10	
550	 250	 0.00	 0.92	 0.10	
551	 250	 0.00	 0.92	 0.10	
552	 250	 0.00	 0.92	 0.10	
553	 250	 0.00	 0.92	 0.10	
554	 250	 0.00	 0.92	 0.10	
555	 250	 0.00	 0.92	 0.10	
556	 250	 0.00	 0.92	 0.10	
557	 250	 0.00	 0.92	 0.10	
558	 250	 0.00	 0.92	 0.10	
559	 250	 0.00	 0.92	 0.10	
560	 250	 0.00	 0.92	 0.10	
561	 250	 0.00	 0.92	 0.10	
562	 250	 0.00	 0.92	 0.10	
563	 250	 0.00	 0.92	 0.10	
564	 250	 0.00	 0.92	 0.10	
565	 250	 0.00	 0.92	 0.10	
566	 250	 0.00	 0.92	 0.10	
567	 250	 0.00	 0.92	 0.10	
568	 250	 0.00	 0.92	 0.10	
569	 250	 0.00	 0.92	 0.10	
570	 250	 0.00	 0.92	 0.10	
571	 250	 0.00	 0.92	 0.10	
572	 250	 0.00	 0.92	 0.10	
573	 250	 0.00	 0.92	 0.10	
574	 250	 0.00	 0.92	 0.10	
575	 250	 0.00	 0.92	 0.10	
576	 250	 0.00	 0.92	 0.10	
577	 250	 0.00	 0.92	 0.10	
578	 250	 0.00	 0.92	 0.10	
579	 105	 0.62	 0.92	 0.10	
580	 250	 0.00	 0.92	 0.10	
581	 250	 0.00	 0.92	 0.10	
582	 250	 0.00	 0.92	 0.10	
583	 250	 0.00	 0.92	 0.10	
584	 250	 0.00	 0.92	 0.10	
585	 250	 0.00	 0.92	 0.10	
586	 250	 0.00	 0.92	 0.10	
587	 250	 0.00	 0.92	 0.10	
588	 183	 0.34	 0.92	 0.10	
589	 250	 0.00	 0.92	 0.10	
590	 250	 0.00	 0.92	 0.10	
591	 250	 0.00	 0.92	 0.10	
592	 250	 0.00	 0.92	 0.10	
593	 250	 0.00	 0.92	 0.10	
594	 250	 0.00	 0.92	 0.10	
595	 250	 0.00	 0.92	 0.10	
596	 250	 0.00	 0.92	 0.10	
597	 250	 0.00	 0.92	 0.10	
598	 250	 0.00	 0.92	 0.10	
599	 250	 0.00	 0.92	 0.10	
600	 250	 0.00	 0.92	 0.10	
601	 250	 0.00	 0.92	 0.10	
602	 172	 0.38	 0.92	 0.10	
603	 250	 0.00	 0.92	 0.10	
604	 250	 0.00	 0.92	 0.10	
605	 250	 0.00	 0.92	 0.10	
606	 250	 0.00	 0.92	 0.10	
607	 68	 0.76	 0.92	 0.10	
608	 250	 0.00	 0.92	 0.10	
609	 250	 0.00	 0.92	 0.10	
610	 250	 0.00	 0.92	 0.10	
611	 250	 0.00	 0.92	 0.10	
612	 250	 0.00	 0.92	 0.10	
613	 250	 0.00	 0.92	 0.10	
614	 250	 0.00	 0.92	 0.10	
615	 250	 0.00	 0.92	 0.10	
616	 250	 0.00	 0.92	 0.10	
617	 142	 0.49	 0.92	 0.10	
618	 250	 0.00	 0.92	 0.10	
619	 250	 0.00	 0.92	 0.10	
620	 250	 0.00	 0.92	 0.10	
621	 250	 0.00	 0.92	 0.10	
622	 250	 0.00	 0.92	 0.10	
623	 250	 0.00	 0.92	 0.10	
624	 250	 0.00	 0.92	 0.10	
625	 250	 0.00	 0.92	 0.10	
626	 250	 0.00	 0.92	 0.10	
627	 250	 0.00	 0.92	 0.10	
628	 250	 0.00	 0.92	 0.10	
629	 250	 0.00	 0.92	 0.10	
630	 250	 0.00	 0.92	 0.10	
631	 250	 0.00	 0.92	 0.10	
632	 250	 0.00	 0.92	 0.10	
633	 250	 0.00	 0.92	 0.10	
634	 250	 0.00	 0.92	 0.10	
635	 250	 0.00	 0.92	 0.10	
636	 250	 0.00	 0.92	 0.10	
637	 250	 0.00	 0.92	 0.10	
638	 250	 0.00	 0.92	 0.10	
639	 250	 0.00	 0.92	 0.10	
640	 250	 0.00	 0.92	 0.10	
641	 250	 0.00	 0.92	 0.10	
642	 250	 0.00	 0.92	 0.10	
643	 250	 0.00	 0.92	 0.10	
644	 250	 0.00	 0.92	 0.10	
645	 250	 0.00	 0.92	 0.10	
646	 250	 0.00	 0.92	 0.10	
647	 250	 0.00	 0.92	 0.10	
648	 250	 0.00	 0.92	 0.10	
649	 250	 0.00	 0.92	 0.10	
650	 250	 0.00	 0.92	 0.10	
651	 250	 0.00	 0.92	 0.10	
652	 250	 0.00	 0.92	 0.10	
653	 250	 0.00	 0.92	 0.10	
654	 250	 0.00	 0.92	 0.10	
655	 250	 0.00	 0.92	 0.10	
656	 250	 0.00	 0.92	 0.10	
657	 250	 0.00	 0.92	 0.10	
658	 250	 0.00	 0.92	 0.10	
659	 250	 0.00	 0.92	 0.10	
660	 250	 0.00	 0.92	 0.10	
661	 250	 0.00	 0.92	 0.10	
662	 250	 0.00	 0.92	 0.10	
663	 250	 0.00	 0.92	 0.10	
664	 250	 0.00	 0.92	 0.10	
665	 250	 0.00	 0.92	 0.10	
666	 250	 0.00	 0.92	 0.10	
667	 250	 0.00	 0.92	 0.10	
668	 250	 0.00	 0.92	 0.10	
669	 250	 0.00	 0.92	 0.10	
670	 250	 0.00	 0.92	 0.10	
671	 250	 0.00	 0.92	 0.10	
672	 250	 0.00	 0.92	 0.10	
673	 250	 0.00	 0.92	 0.10	
674	 250	 0.00	 0.92	 0.10	
675	 250	 0.00	 0.92	 0.10	
676	 250	 0.00	 0.92	 0.10	
677	 250	 0.00	 0.92	 0.10	
678	 250	 0.00	 0.92	 0.10	
679	 250	 0.00	 0.92	 0.10	
680	 250	 0.00	 0.92	 0.10	
681	 250	 0.00	 0.92	 0.10	
682	 250	 0.00	 0.92	 0.10	
683	 250	 0.00	 0.92	 0.10	
684	 250	 0.00	 0.92	 0.10	
685	 250	 0.00	 0.92	 0.10	
686	 250	 0.00	 0.92	 0.10	
687	 250	 0.00	 0.92	 0.10	
688	 250	 0.00	 0.92	 0.10	
689	 250	 0.00	 0.92	 0.10	
690	 250	 0.00	 0.92	 0.10	
691	 250	 0.00	 0.92	 0.10	
692	 250	 0.00	 0.92	 0.10	
693	 250	 0.00	 0.92	 0.10	
694	 250	 0.00	 0.92	 0.10	
695	 250	 0.00	 0.92	 0.10	
696	 250	 0.00	 0.92	 0.10	
697	 250	 0.00	 0.92	 0.10	
698	 250	 0.00	 0.92	 0.10	
699	 250	 0.00	 0.92	 0.10	
700	 250	 0.00	 0.92	 0.10	
701	 138	 0.50	 0.92	 0.10	
702	 250	 0.00	 0.92	 0.10	
703	 250	 0.00	 0.92	 0.10	
704	 250	 0.00	 0.92	 0.10	
705	 250	 0.00	 0.92	 0.10	
706	 250	 0.00	 0.92	 0.10	
707	 250	 0.00	 0.92	 0.10	
708	 250	 0.00	 0.92	 0.10	
709	 250	 0.00	 0.92	 0.10	
710	 250	 0.00	 0.92	 0.10	
711	 250	 0.00	 0.92	 0.10	
712	 250	 0.00	 0.92	 0.10	
713	 250	 0.00	 0.92	 0.10	
714	 250	 0.00	 0.92	 0.10	
715	 250	 0.00	 0.92	 0.10	
716	 250	 0.00	 0.92	 0.10	
717	 250	 0.00	 0.92	 0.10	
718	 250	 0.00	 0.92	 0.10	
719	 250	 0.00	 0.92	 0.10	
720	 250	 0.00	 0.92	 0.10	
721	 250	 0.00	 0.92	 0.10	
722	 250	 0.00	 0.92	 0.10	
723	 250	 0.00	 0.92	 0.10	
724	 250	 0.00	 0.92	 0.10	
725	 250	 0.00	 0.92	 0.10	
726	 250	 0.00	 0.92	 0.10	
727	 250	 0.00	 0.92	 0.10	
728	 250	 0.00	 0.92	 0.10	
729	 250	 0.00	 0.92	 0.10	
730	 250	 0.00	 0.92	 0.10	
731	 250	 0.00	 0.92	 0.10	
732	 250	 0.00	 0.92	 0.10	
733	 250	 0.00	 0.92	 0.10	
734	 250	 0.00	 0.92	 0.10	
735	 250	 0.00	 0.92	 0.10	
736	 250	 0.00	 0.92	 0.10	
737	 250	 0.00	 0.92	 0.10	
738	 250	 0.00	 0.92	 0.10	
739	 250	 0.00	 0.92	 0.10	
740	 250	 0.00	 0.92	 0.10	
741	 250	 0.00	 0.92	 0.10	
742	 250	 0.00	 0.92	 0.10	
743	 250	 0.00	 0.92	 0.10	
744	 250	 0.00	 0.92	 0.10	
745	 250	 0.00	 0.92	 0.10	
746	 250	 0.00	 0.92	 0.10	
747	 250	 0.00	 0.92	 0.10	
748	 250	 0.00	 0.92	 0.10	
749	 250	 0.00	 0.92	 0.10	
750	 250	 0.00	 0.92	 0.10	
751	 250	 0.00	 0.92	 0.10	
752	 250	 0.00	 0.92	 0.10	
753	 250	 0.00	 0.92	 0.10	
754	 250	 0.00	 0.92	 0.10	
755	 250	 0.00	 0.92	 0.10	
756	 250	 0.00	 0.92	 0.10	
757	 250	 0.00	 0.92	 0.10	
758	 250	 0.00	 0.92	 0.10	
759	 250	 0.00	 0.92	 0.10	
760	 250	 0.00	 0.92	 0.10	
761	 250	 0.00	 0.92	 0.10	
762	 250	 0.00	 0.92	 0.10	
763	 250	 0.00	 0.92	 0.10	
764	 250	 0.00	 0.92	 0.10	
765	 250	 0.00	 0.92	 0.10	
766	 250	 0.00	 0.92	 0.10	
767	 250	 0.00	 0.92	 0.10	
768	 250	 0.00	 0.92	 0.10	
769	 250	 0.00	 0.92	 0.10	
770	 250	 0.00	 0.92	 0.10	
771	 250	 0.00	 0.92	 0.10	
772	 250	 0.00	 0.92	 0.10	
773	 250	 0.00	 0.92	 0.10	
774	 250	 0.00	 0.92	 0.10	
775	 250	 0.00	 0.92	 0.10	
776	 250	 0.00	 0.92	 0.10	
777	 250	 0.00	 0.92	 0.10	
778	 250	 0.00	 0.92	 0.10	
779	 250	 0.00	 0.92	 0.10	
780	 250	 0.00	 0.92	 0.10	
781	 250	 0.00	 0.92	 0.10	
782	 250	 0.00	 0.92	 0.10	
783	 250	 0.00	 0.92	 0.10	
784	 250	 0.00	 0.92	 0.10	
785	 250	 0.00	 0.92	 0.10	
786	 250	 0.00	 0.92	 0.10	
787	 250	 0.00	 0.92	 0.10	
788	 250	 0.00	 0.92	 0.10	
789	 250	 0.00	 0.92	 0.10	
790	 250	 0.00	 0.92	 0.10	
791	 250	 0.00	 0.92	 0.10	
792	 250	 0.00	 0.92	 0.10	
793	 250	 0.00	 0.92	 0.10	
794	 250	 0.00	 0.92	 0.10	
795	 145	 0.48	 0.92	 0.10	
796	 250	 0.00	 0.92	 0.10	
797	 250	 0.00	 0.92	 0.10	
798	 250	 0.00	 0.92	 0.10	
799	 250	 0.00	 0.92	 0.10	
800	 250	 0.00	 0.92	 0.10	
801	 250	 0.00	 0.92	 0.10	
802	 250	 0.00	 0.92	 0.10	
803	 250	 0.00	 0.92	 0.10	
804	 250	 0.00	 0.92	 0.10	
805	 250	 0.00	 0.92	 0.10	
806	 45	 0.84	 0.92	 0.10	
807	 250	 0.00	 0.92	 0.10	
808	 250	 0.00	 0.92	 0.10	
809	 250	 0.00	 0.92	 0.10	
810	 250	 0.00	 0.92	 0.10	
811	 250	 0.00	 0.92	 0.10	
812	 165	 0.41	 0.92	 0.10	
813	 250	 0.00	 0.92	 0.10	
814	 250	 0.00	 0.92	 0.10	
815	 250	 0.00	 0.92	 0.10	
816	 250	 0.00	 0.92	 0.10	
817	 100	 0.64	 0.92	 0.10	
818	 250	 0.00	 0.92	 0.10	
819	 250	 0.00	 0.92	 0.10	
820	 250	 0.00	 0.92	 0.10	
821	 250	 0.00	 0.92	 0.10	
822	 250	 0.00	 0.92	 0.10	
823	 250	 0.00	 0.92	 0.10	
824	 250	 0.00	 0.92	 0.10	
825	 250	 0.00	 0.92	 0.10	
826	 250	 0.00	 0.92	 0.10	
827	 250	 0.00	 0.92	 0.10	
828	 250	 0.00	 0.92	 0.10	
829	 250	 0.00	 0.92	 0.10	
830	 250	 0.00	 0.92	 0.10	
831	 250	 0.00	 0.92	 0.10	
832	 250	 0.00	 0.92	 0.10	
833	 250	 0.00	 0.92	 0.10	
834	 250	 0.00	 0.92	 0.10	
835	 250	 0.00	 0.92	 0.10	
836	 235	 0.15	 0.92	 0.10	
837	 250	 0.00	 0.92	 0.10	
838	 85	 0.69	 0.92	 0.10	
839	 250	 0.00	 0.92	 0.10	
840	 250	 0.00	 0.92	 0.10	
841	 119	 0.57	 0.92	 0.10	
842	 250	 0.00	 0.92	 0.10	
843	 250	 0.00	 0.92	 0.10	
844	 250	 0.00	 0.92	 0.10	
845	 250	 0.00	 0.92	 0.10	
846	 250	 0.00	 0.92	 0.10	
847	 250	 0.00	 0.92	 0.10	
848	 250	 0.00	 0.92	 0.10	
849	 250	 0.00	 0.92	 0.10	
850	 250	 0.00	 0.92	 0.10	
851	 250	 0.00	 0.92	 0.10	
852	 250	 0.00	 0.92	 0.10	
853	 250	 0.00	 0.92	 0.10	
854	 250	 0.00	 0.92	 0.10	
855	 250	 0.00	 0.92	 0.10	
856	 250	 0.00	 0.92	 0.10	
857	 250	 0.00	 0.92	 0.10	
858	 250	 0.00	 0.92	 0.10	
859	 250	 0.00	 0.92	 0.10	
860	 250	 0.00	 0.92	 0.10	
861	 250	 0.00	 0.92	 0.10	
862	 250	 0.00	 0.92	 0.10	
863	 250	 0.00	 0.92	 0.10	
864	 250	 0.00	 0.92	 0.10	
865	 250	 0.00	 0.92	 0.10	
866	 52	 0.81	 0.92	 0.10	
867	 250	 0.00	 0.92	 0.10	
868	 250	 0.00	 0.92	 0.10	
869	 250	 0.00	 0.92	 0.10	
870	 250	 0.00	 0.92	 0.10	
871	 250	 0.00	 0.92	 0.10	
872	 250	 0.00	 0.92	 0.10	
873	 250	 0.00	 0.92	 0.10	
874	 250	 0.00	 0.92	 0.10	
875	 250	 0.00	 0.92	 0.10	
876	 250	 0.00	 0.92	 0.10	
877	 250	 0.00	 0.92	 0.10	
878	 250	 0.00	 0.92	 0.10	
879	 250	 0.00	 0.92	 0.10	
880	 250	 0.00	 0.92	 0.10	
881	 250	 0.00	 0.92	 0.10	
882	 250	 0.00	 0.92	 0.10	
883	 250	 0.00	 0.92	 0.10	
884	 250	 0.00	 0.92	 0.10	
885	 250	 0.00	 0.92	 0.10	
886	 250	 0.00	 0.92	 0.10	
887	 250	 0.00	 0.92	 0.10	
888	 250	 0.00	 0.92	 0.10	
889	 250	 0.00	 0.92	 0.10	
890	 250	 0.00	 0.92	 0.10	
891	 250	 0.00	 0.92	 0.10	
892	 250	 0.00	 0.92	 0.10	
893	 250	 0.00	 0.92	 0.10	
894	 250	 0.00	 0.92	 0.10	
895	 250	 0.00	 0.92	 0.10	
896	 250	 0.00	 0.92	 0.10	
897	 250	 0.00	 0.92	 0.10	
898	 250	 0.00	 0.92	 0.10	
899	 250	 0.00	 0.92	 0.10	
900	 250	 0.00	 0.92	 0.10	
901	 250	 0.00	 0.92	 0.10	
902	 250	 0.00	 0.92	 0.10	
903	 250	 0.00	 0.92	 0.10	
904	 250	 0.00	 0.92	 0.10	
905	 250	 0.00	 0.92	 0.10	
906	 250	 0.00	 0.92	 0.10	
907	 250	 0.00	 0.92	 0.10	
908	 250	 0.00	 0.92	 0.10	
909	 250	 0.00	 0.92	 0.10	
910	 250	 0.00	 0.92	 0.10	
911	 250	 0.00	 0.92	 0.10	
912	 250	 0.00	 0.92	 0.10	
913	 250	 0.00	 0.92	 0.10	
914	 250	 0.00	 0.92	 0.10	
915	 250	 0.00	 0.92	 0.10	
916	 250	 0.00	 0.92	 0.10	
917	 250	 0.00	 0.92	 0.10	
918	 250	 0.00	 0.92	 0.10	
919	 250	 0.00	 0.92	 0.10	
920	 250	 0.00	 0.92	 0.10	
921	 250	 0.00	 0.92	 0.10	
922	 250	 0.00	 0.92	 0.10	
923	 250	 0.00	 0.92	 0.10	
924	 250	 0.00	 0.92	 0.10	
925	 250	 0.00	 0.92	 0.10	
926	 250	 0.00	 0.92	 0.10	
927	 250	 0.00	 0.92	 0.10	
928	 250	 0.00	 0.92	 0.10	
929	 250	 0.00	 0.92	 0.10	
930	 250	 0.00	 0.92	 0.10	
931	 250	 0.00	 0.92	 0.10	
932	 250	 0.00	 0.92	 0.10	
933	 250	 0.00	 0.92	 0.10	
934	 250	 0.00	 0.92	 0.10	
935	 250	 0.00	 0.92	 0.10	
936	 250	 0.00	 0.92	 0.10	
937	 250	 0.00	 0.92	 0.10	
938	 250	 0.00	 0.92	 0.10	
939	 250	 0.00	 0.92	 0.10	
940	 250	 0.00	 0.92	 0.10	
941	 250	 0.00	 0.92	 0.10	
942	 250	 0.00	 0.92	 0.10	
943	 250	 0.00	 0.92	 0.10	
944	 250	 0.00	 0.92	 0.10	
945	 250	 0.00	 0.92	 0.10	
946	 250	 0.00	 0.92	 0.10	
947	 250	 0.00	 0.92	 0.10	
948	 250	 0.00	 0.92	 0.10	
949	 250	 0.00	 0.92	 0.10	
950	 250	 0.00	 0.92	 0.10	
951	 250	 0.00	 0.92	 0.10	
952	 250	 0.00	 0.92	 0.10	
953	 250	 0.00	 0.92	 0.10	
954	 250	 0.00	 0.92	 0.10	
955	 250	 0.00	 0.92	 0.10	
956	 250	 0.00	 0.92	 0.10	
957	 250	 0.00	 0.92	 0.10	
958	 250	 0.00	 0.92	 0.10	
959	 250	 0.00	 0.92	 0.10	
960	 250	 0.00	 0.92	 0.10	
961	 250	 0.00	 0.92	 0.10	
962	 250	 0.00	 0.92	 0.10	
963	 250	 0.00	 0.92	 0.10	
964	 250	 0.00	 0.92	 0.10	
965	 250	 0.00	 0.92	 0.10	
966	 250	 0.00	 0.92	 0.10	
967	 250	 0.00	 0.92	 0.10	
968	 250	 0.00	 0.92	 0.10	
969	 250	 0.00	 0.92	 0.10	
970	 250	 0.00	 0.92	 0.10	
971	 250	 0.00	 0.92	 0.10	
972	 250	 0.00	 0.92	 0.10	
973	 250	 0.00	 0.92	 0.10	
974	 250	 0.00	 0.92	 0.10	
975	 250	 0.00	 0.92	 0.10	
976	 250	 0.00	 0.92	 0.10	
977	 250	 0.00	 0.92	 0.10	
978	 250	 0.00	 0.92	 0.10	
979	 250	 0.00	 0.92	 0.10	
980	 250	 0.00	 0.92	 0.10	
981	 250	 0.00	 0.92	 0.10	
982	 250	 0.00	 0.92	 0.10	
983	 250	 0.00	 0.92	 0.10	
984	 250	 0.00	 0.92	 0.10	
985	 250	 0.00	 0.92	 0.10	
986	 250	 0.00	 0.92	 0.10	
987	 250	 0.00	 0.92	 0.10	
988	 250	 0.00	 0.92	 0.10	
989	 250	 0.00	 0.92	 0.10	
990	 250	 0.00	 0.92	 0.10	
991	 250	 0.00	 0.92	 0.10	
992	 250	 0.00	 0.92	 0.10	
993	 250	 0.00	 0.92	 0.10	
994	 250	 0.00	 0.92	 0.10	
995	 250	 0.00	 0.92	 0.10	
996	 250	 0.00	 0.92	 0.10	
997	 250	 0.00	 0.92	 0.10	
998	 250	 0.00	 0.92	 0.10	
999	 250	 0.00	 0.92	 0.10	
