Episode	 Steps	 Score	 Best_Score	 Epsilon	
0	 250	 0.00	 -inf	 1.00	
1	 250	 0.00	 0.00	 1.00	
2	 250	 0.00	 0.00	 0.99	
3	 250	 0.00	 0.00	 0.99	
4	 250	 0.00	 0.00	 0.99	
5	 250	 0.00	 0.00	 0.99	
6	 250	 0.00	 0.00	 0.98	
7	 250	 0.00	 0.00	 0.98	
8	 250	 0.00	 0.00	 0.98	
9	 250	 0.00	 0.00	 0.98	
10	 250	 0.00	 0.00	 0.97	
11	 250	 0.00	 0.00	 0.97	
12	 250	 0.00	 0.00	 0.97	
13	 250	 0.00	 0.00	 0.97	
14	 106	 0.62	 0.00	 0.96	
15	 250	 0.00	 0.62	 0.96	
16	 209	 0.25	 0.62	 0.96	
17	 250	 0.00	 0.62	 0.96	
18	 250	 0.00	 0.62	 0.95	
19	 250	 0.00	 0.62	 0.95	
20	 250	 0.00	 0.62	 0.95	
21	 250	 0.00	 0.62	 0.95	
22	 250	 0.00	 0.62	 0.94	
23	 250	 0.00	 0.62	 0.94	
24	 250	 0.00	 0.62	 0.94	
25	 250	 0.00	 0.62	 0.94	
26	 250	 0.00	 0.62	 0.93	
27	 250	 0.00	 0.62	 0.93	
28	 106	 0.62	 0.62	 0.93	
29	 250	 0.00	 0.62	 0.93	
30	 123	 0.56	 0.62	 0.93	
31	 145	 0.48	 0.62	 0.93	
32	 92	 0.67	 0.62	 0.93	
33	 250	 0.00	 0.67	 0.92	
34	 250	 0.00	 0.67	 0.92	
35	 250	 0.00	 0.67	 0.92	
36	 250	 0.00	 0.67	 0.92	
37	 94	 0.66	 0.67	 0.91	
38	 250	 0.00	 0.67	 0.91	
39	 250	 0.00	 0.67	 0.91	
40	 250	 0.00	 0.67	 0.91	
41	 168	 0.40	 0.67	 0.90	
42	 250	 0.00	 0.67	 0.90	
43	 237	 0.15	 0.67	 0.90	
44	 250	 0.00	 0.67	 0.90	
45	 250	 0.00	 0.67	 0.90	
46	 138	 0.50	 0.67	 0.89	
47	 165	 0.41	 0.67	 0.89	
48	 180	 0.35	 0.67	 0.89	
49	 250	 0.00	 0.67	 0.89	
50	 83	 0.70	 0.67	 0.89	
51	 250	 0.00	 0.70	 0.88	
52	 181	 0.35	 0.70	 0.88	
53	 250	 0.00	 0.70	 0.88	
54	 250	 0.00	 0.70	 0.88	
55	 250	 0.00	 0.70	 0.88	
56	 103	 0.63	 0.70	 0.87	
57	 98	 0.65	 0.70	 0.87	
58	 250	 0.00	 0.70	 0.87	
59	 154	 0.45	 0.70	 0.87	
60	 250	 0.00	 0.70	 0.87	
61	 152	 0.45	 0.70	 0.86	
62	 111	 0.60	 0.70	 0.86	
63	 250	 0.00	 0.70	 0.86	
64	 250	 0.00	 0.70	 0.86	
65	 145	 0.48	 0.70	 0.86	
66	 45	 0.84	 0.70	 0.86	
67	 250	 0.00	 0.84	 0.85	
68	 45	 0.84	 0.84	 0.85	
69	 250	 0.00	 0.84	 0.85	
70	 250	 0.00	 0.84	 0.85	
71	 61	 0.78	 0.84	 0.85	
72	 250	 0.00	 0.84	 0.85	
73	 138	 0.50	 0.84	 0.84	
74	 205	 0.26	 0.84	 0.84	
75	 104	 0.63	 0.84	 0.84	
76	 90	 0.68	 0.84	 0.84	
77	 250	 0.00	 0.84	 0.84	
78	 250	 0.00	 0.84	 0.84	
79	 250	 0.00	 0.84	 0.83	
80	 181	 0.35	 0.84	 0.83	
81	 98	 0.65	 0.84	 0.83	
82	 216	 0.22	 0.84	 0.83	
83	 69	 0.75	 0.84	 0.83	
84	 77	 0.72	 0.84	 0.83	
85	 64	 0.77	 0.84	 0.83	
86	 250	 0.00	 0.84	 0.82	
87	 137	 0.51	 0.84	 0.82	
88	 250	 0.00	 0.84	 0.82	
89	 250	 0.00	 0.84	 0.82	
90	 250	 0.00	 0.84	 0.81	
91	 250	 0.00	 0.84	 0.81	
92	 137	 0.51	 0.84	 0.81	
93	 133	 0.52	 0.84	 0.81	
94	 250	 0.00	 0.84	 0.81	
95	 26	 0.91	 0.84	 0.81	
96	 147	 0.47	 0.91	 0.81	
97	 124	 0.55	 0.91	 0.80	
98	 88	 0.68	 0.91	 0.80	
99	 102	 0.63	 0.91	 0.80	
100	 96	 0.65	 0.91	 0.80	
101	 250	 0.00	 0.91	 0.80	
102	 41	 0.85	 0.91	 0.80	
103	 89	 0.68	 0.91	 0.80	
104	 42	 0.85	 0.91	 0.80	
105	 70	 0.75	 0.91	 0.80	
106	 117	 0.58	 0.91	 0.79	
107	 250	 0.00	 0.91	 0.79	
108	 250	 0.00	 0.91	 0.79	
109	 124	 0.55	 0.91	 0.79	
110	 100	 0.64	 0.91	 0.79	
111	 127	 0.54	 0.91	 0.79	
112	 126	 0.55	 0.91	 0.79	
113	 250	 0.00	 0.91	 0.78	
114	 250	 0.00	 0.91	 0.78	
115	 176	 0.37	 0.91	 0.78	
116	 250	 0.00	 0.91	 0.78	
117	 250	 0.00	 0.91	 0.77	
118	 235	 0.15	 0.91	 0.77	
119	 250	 0.00	 0.91	 0.77	
120	 170	 0.39	 0.91	 0.77	
121	 95	 0.66	 0.91	 0.77	
122	 250	 0.00	 0.91	 0.76	
123	 250	 0.00	 0.91	 0.76	
124	 126	 0.55	 0.91	 0.76	
125	 174	 0.37	 0.91	 0.76	
126	 172	 0.38	 0.91	 0.76	
127	 226	 0.19	 0.91	 0.75	
128	 62	 0.78	 0.91	 0.75	
129	 250	 0.00	 0.91	 0.75	
130	 102	 0.63	 0.91	 0.75	
131	 197	 0.29	 0.91	 0.75	
132	 250	 0.00	 0.91	 0.75	
133	 57	 0.79	 0.91	 0.74	
134	 241	 0.13	 0.91	 0.74	
135	 69	 0.75	 0.91	 0.74	
136	 123	 0.56	 0.91	 0.74	
137	 131	 0.53	 0.91	 0.74	
138	 80	 0.71	 0.91	 0.74	
139	 245	 0.12	 0.91	 0.74	
140	 119	 0.57	 0.91	 0.73	
141	 250	 0.00	 0.91	 0.73	
142	 89	 0.68	 0.91	 0.73	
143	 250	 0.00	 0.91	 0.73	
144	 179	 0.36	 0.91	 0.73	
145	 152	 0.45	 0.91	 0.73	
146	 197	 0.29	 0.91	 0.72	
147	 74	 0.73	 0.91	 0.72	
148	 92	 0.67	 0.91	 0.72	
149	 250	 0.00	 0.91	 0.72	
150	 250	 0.00	 0.91	 0.72	
151	 205	 0.26	 0.91	 0.71	
152	 149	 0.46	 0.91	 0.71	
153	 26	 0.91	 0.91	 0.71	
154	 144	 0.48	 0.91	 0.71	
155	 140	 0.50	 0.91	 0.71	
156	 250	 0.00	 0.91	 0.71	
157	 159	 0.43	 0.91	 0.71	
158	 195	 0.30	 0.91	 0.70	
159	 15	 0.95	 0.91	 0.70	
160	 58	 0.79	 0.95	 0.70	
161	 232	 0.16	 0.95	 0.70	
162	 165	 0.41	 0.95	 0.70	
163	 43	 0.85	 0.95	 0.70	
164	 250	 0.00	 0.95	 0.70	
165	 250	 0.00	 0.95	 0.69	
166	 250	 0.00	 0.95	 0.69	
167	 250	 0.00	 0.95	 0.69	
168	 220	 0.21	 0.95	 0.69	
169	 63	 0.77	 0.95	 0.69	
170	 90	 0.68	 0.95	 0.69	
171	 250	 0.00	 0.95	 0.68	
172	 250	 0.00	 0.95	 0.68	
173	 159	 0.43	 0.95	 0.68	
174	 169	 0.39	 0.95	 0.68	
175	 102	 0.63	 0.95	 0.68	
176	 207	 0.25	 0.95	 0.67	
177	 104	 0.63	 0.95	 0.67	
178	 250	 0.00	 0.95	 0.67	
179	 54	 0.81	 0.95	 0.67	
180	 109	 0.61	 0.95	 0.67	
181	 69	 0.75	 0.95	 0.67	
182	 177	 0.36	 0.95	 0.67	
183	 146	 0.47	 0.95	 0.66	
184	 90	 0.68	 0.95	 0.66	
185	 250	 0.00	 0.95	 0.66	
186	 23	 0.92	 0.95	 0.66	
187	 42	 0.85	 0.95	 0.66	
188	 209	 0.25	 0.95	 0.66	
189	 31	 0.89	 0.95	 0.66	
190	 183	 0.34	 0.95	 0.66	
191	 183	 0.34	 0.95	 0.65	
192	 54	 0.81	 0.95	 0.65	
193	 184	 0.34	 0.95	 0.65	
194	 168	 0.40	 0.95	 0.65	
195	 57	 0.79	 0.95	 0.65	
196	 49	 0.82	 0.95	 0.65	
197	 250	 0.00	 0.95	 0.65	
198	 227	 0.18	 0.95	 0.64	
199	 156	 0.44	 0.95	 0.64	
200	 250	 0.00	 0.95	 0.64	
201	 250	 0.00	 0.95	 0.64	
202	 188	 0.32	 0.95	 0.64	
203	 250	 0.00	 0.95	 0.63	
204	 92	 0.67	 0.95	 0.63	
205	 147	 0.47	 0.95	 0.63	
206	 181	 0.35	 0.95	 0.63	
207	 205	 0.26	 0.95	 0.63	
208	 250	 0.00	 0.95	 0.63	
209	 76	 0.73	 0.95	 0.62	
210	 60	 0.78	 0.95	 0.62	
211	 212	 0.24	 0.95	 0.62	
212	 250	 0.00	 0.95	 0.62	
213	 250	 0.00	 0.95	 0.62	
214	 250	 0.00	 0.95	 0.61	
215	 230	 0.17	 0.95	 0.61	
216	 134	 0.52	 0.95	 0.61	
217	 223	 0.20	 0.95	 0.61	
218	 48	 0.83	 0.95	 0.61	
219	 250	 0.00	 0.95	 0.61	
220	 91	 0.67	 0.95	 0.60	
221	 192	 0.31	 0.95	 0.60	
222	 250	 0.00	 0.95	 0.60	
223	 250	 0.00	 0.95	 0.60	
224	 250	 0.00	 0.95	 0.60	
225	 250	 0.00	 0.95	 0.59	
226	 72	 0.74	 0.95	 0.59	
227	 206	 0.26	 0.95	 0.59	
228	 114	 0.59	 0.95	 0.59	
229	 196	 0.29	 0.95	 0.59	
230	 250	 0.00	 0.95	 0.58	
231	 147	 0.47	 0.95	 0.58	
232	 250	 0.00	 0.95	 0.58	
233	 83	 0.70	 0.95	 0.58	
234	 237	 0.15	 0.95	 0.58	
235	 250	 0.00	 0.95	 0.57	
236	 250	 0.00	 0.95	 0.57	
237	 134	 0.52	 0.95	 0.57	
238	 113	 0.59	 0.95	 0.57	
239	 250	 0.00	 0.95	 0.57	
240	 250	 0.00	 0.95	 0.56	
241	 111	 0.60	 0.95	 0.56	
242	 204	 0.27	 0.95	 0.56	
243	 60	 0.78	 0.95	 0.56	
244	 250	 0.00	 0.95	 0.56	
245	 250	 0.00	 0.95	 0.56	
246	 250	 0.00	 0.95	 0.55	
247	 250	 0.00	 0.95	 0.55	
248	 250	 0.00	 0.95	 0.55	
249	 250	 0.00	 0.95	 0.55	
250	 65	 0.77	 0.95	 0.55	
251	 250	 0.00	 0.95	 0.54	
252	 250	 0.00	 0.95	 0.54	
253	 250	 0.00	 0.95	 0.54	
254	 250	 0.00	 0.95	 0.54	
255	 91	 0.67	 0.95	 0.53	
256	 250	 0.00	 0.95	 0.53	
257	 100	 0.64	 0.95	 0.53	
258	 59	 0.79	 0.95	 0.53	
259	 250	 0.00	 0.95	 0.53	
260	 38	 0.86	 0.95	 0.53	
261	 250	 0.00	 0.95	 0.52	
262	 117	 0.58	 0.95	 0.52	
263	 145	 0.48	 0.95	 0.52	
264	 205	 0.26	 0.95	 0.52	
265	 147	 0.47	 0.95	 0.52	
266	 65	 0.77	 0.95	 0.52	
267	 61	 0.78	 0.95	 0.52	
268	 250	 0.00	 0.95	 0.51	
269	 250	 0.00	 0.95	 0.51	
270	 28	 0.90	 0.95	 0.51	
271	 153	 0.45	 0.95	 0.51	
272	 156	 0.44	 0.95	 0.51	
273	 111	 0.60	 0.95	 0.51	
274	 250	 0.00	 0.95	 0.51	
275	 244	 0.12	 0.95	 0.50	
276	 199	 0.28	 0.95	 0.50	
277	 250	 0.00	 0.95	 0.50	
278	 250	 0.00	 0.95	 0.50	
279	 250	 0.00	 0.95	 0.49	
280	 250	 0.00	 0.95	 0.49	
281	 93	 0.67	 0.95	 0.49	
282	 77	 0.72	 0.95	 0.49	
283	 250	 0.00	 0.95	 0.49	
284	 233	 0.16	 0.95	 0.48	
285	 168	 0.40	 0.95	 0.48	
286	 57	 0.79	 0.95	 0.48	
287	 140	 0.50	 0.95	 0.48	
288	 250	 0.00	 0.95	 0.48	
289	 64	 0.77	 0.95	 0.48	
290	 250	 0.00	 0.95	 0.48	
291	 250	 0.00	 0.95	 0.47	
292	 113	 0.59	 0.95	 0.47	
293	 242	 0.13	 0.95	 0.47	
294	 151	 0.46	 0.95	 0.47	
295	 87	 0.69	 0.95	 0.47	
296	 223	 0.20	 0.95	 0.46	
297	 129	 0.54	 0.95	 0.46	
298	 49	 0.82	 0.95	 0.46	
299	 76	 0.73	 0.95	 0.46	
300	 49	 0.82	 0.95	 0.46	
301	 72	 0.74	 0.95	 0.46	
302	 179	 0.36	 0.95	 0.46	
303	 62	 0.78	 0.95	 0.46	
304	 85	 0.69	 0.95	 0.46	
305	 30	 0.89	 0.95	 0.46	
306	 71	 0.74	 0.95	 0.46	
307	 250	 0.00	 0.95	 0.45	
308	 250	 0.00	 0.95	 0.45	
309	 250	 0.00	 0.95	 0.45	
310	 178	 0.36	 0.95	 0.45	
311	 19	 0.93	 0.95	 0.45	
312	 22	 0.92	 0.95	 0.45	
313	 112	 0.60	 0.95	 0.45	
314	 105	 0.62	 0.95	 0.44	
315	 250	 0.00	 0.95	 0.44	
316	 241	 0.13	 0.95	 0.44	
317	 226	 0.19	 0.95	 0.44	
318	 47	 0.83	 0.95	 0.44	
319	 156	 0.44	 0.95	 0.44	
320	 250	 0.00	 0.95	 0.43	
321	 105	 0.62	 0.95	 0.43	
322	 20	 0.93	 0.95	 0.43	
323	 100	 0.64	 0.95	 0.43	
324	 98	 0.65	 0.95	 0.43	
325	 170	 0.39	 0.95	 0.43	
326	 250	 0.00	 0.95	 0.43	
327	 250	 0.00	 0.95	 0.42	
328	 250	 0.00	 0.95	 0.42	
329	 68	 0.76	 0.95	 0.42	
330	 250	 0.00	 0.95	 0.42	
331	 49	 0.82	 0.95	 0.42	
332	 48	 0.83	 0.95	 0.42	
333	 137	 0.51	 0.95	 0.41	
334	 16	 0.94	 0.95	 0.41	
335	 250	 0.00	 0.95	 0.41	
336	 250	 0.00	 0.95	 0.41	
337	 242	 0.13	 0.95	 0.41	
338	 196	 0.29	 0.95	 0.41	
339	 40	 0.86	 0.95	 0.40	
340	 29	 0.90	 0.95	 0.40	
341	 250	 0.00	 0.95	 0.40	
342	 71	 0.74	 0.95	 0.40	
343	 131	 0.53	 0.95	 0.40	
344	 199	 0.28	 0.95	 0.40	
345	 45	 0.84	 0.95	 0.40	
346	 31	 0.89	 0.95	 0.40	
347	 250	 0.00	 0.95	 0.39	
348	 90	 0.68	 0.95	 0.39	
349	 137	 0.51	 0.95	 0.39	
350	 12	 0.96	 0.95	 0.39	
351	 70	 0.75	 0.96	 0.39	
352	 250	 0.00	 0.96	 0.39	
353	 250	 0.00	 0.96	 0.39	
354	 22	 0.92	 0.96	 0.39	
355	 71	 0.74	 0.96	 0.39	
356	 18	 0.94	 0.96	 0.39	
357	 246	 0.11	 0.96	 0.38	
358	 250	 0.00	 0.96	 0.38	
359	 13	 0.95	 0.96	 0.38	
360	 30	 0.89	 0.96	 0.38	
361	 250	 0.00	 0.96	 0.38	
362	 192	 0.31	 0.96	 0.38	
363	 20	 0.93	 0.96	 0.38	
364	 178	 0.36	 0.96	 0.37	
365	 30	 0.89	 0.96	 0.37	
366	 67	 0.76	 0.96	 0.37	
367	 52	 0.81	 0.96	 0.37	
368	 180	 0.35	 0.96	 0.37	
369	 250	 0.00	 0.96	 0.37	
370	 13	 0.95	 0.96	 0.37	
371	 49	 0.82	 0.96	 0.37	
372	 32	 0.88	 0.96	 0.37	
373	 76	 0.73	 0.96	 0.37	
374	 90	 0.68	 0.96	 0.37	
375	 27	 0.90	 0.96	 0.37	
376	 69	 0.75	 0.96	 0.36	
377	 102	 0.63	 0.96	 0.36	
378	 41	 0.85	 0.96	 0.36	
379	 250	 0.00	 0.96	 0.36	
380	 23	 0.92	 0.96	 0.36	
381	 100	 0.64	 0.96	 0.36	
382	 125	 0.55	 0.96	 0.36	
383	 72	 0.74	 0.96	 0.36	
384	 122	 0.56	 0.96	 0.36	
385	 23	 0.92	 0.96	 0.36	
386	 152	 0.45	 0.96	 0.35	
387	 80	 0.71	 0.96	 0.35	
388	 190	 0.32	 0.96	 0.35	
389	 181	 0.35	 0.96	 0.35	
390	 121	 0.56	 0.96	 0.35	
391	 229	 0.18	 0.96	 0.35	
392	 12	 0.96	 0.96	 0.35	
393	 23	 0.92	 0.96	 0.35	
394	 9	 0.97	 0.96	 0.35	
395	 66	 0.76	 0.97	 0.35	
396	 22	 0.92	 0.97	 0.35	
397	 61	 0.78	 0.97	 0.34	
398	 27	 0.90	 0.97	 0.34	
399	 29	 0.90	 0.97	 0.34	
400	 250	 0.00	 0.97	 0.34	
401	 20	 0.93	 0.97	 0.34	
402	 145	 0.48	 0.97	 0.34	
403	 15	 0.95	 0.97	 0.34	
404	 250	 0.00	 0.97	 0.34	
405	 168	 0.40	 0.97	 0.34	
406	 250	 0.00	 0.97	 0.33	
407	 20	 0.93	 0.97	 0.33	
408	 183	 0.34	 0.97	 0.33	
409	 14	 0.95	 0.97	 0.33	
410	 55	 0.80	 0.97	 0.33	
411	 32	 0.88	 0.97	 0.33	
412	 184	 0.34	 0.97	 0.33	
413	 93	 0.67	 0.97	 0.33	
414	 45	 0.84	 0.97	 0.33	
415	 53	 0.81	 0.97	 0.33	
416	 167	 0.40	 0.97	 0.32	
417	 86	 0.69	 0.97	 0.32	
418	 91	 0.67	 0.97	 0.32	
419	 86	 0.69	 0.97	 0.32	
420	 141	 0.49	 0.97	 0.32	
421	 25	 0.91	 0.97	 0.32	
422	 182	 0.34	 0.97	 0.32	
423	 218	 0.22	 0.97	 0.32	
424	 221	 0.20	 0.97	 0.31	
425	 86	 0.69	 0.97	 0.31	
426	 85	 0.69	 0.97	 0.31	
427	 70	 0.75	 0.97	 0.31	
428	 80	 0.71	 0.97	 0.31	
429	 250	 0.00	 0.97	 0.31	
430	 34	 0.88	 0.97	 0.31	
431	 39	 0.86	 0.97	 0.31	
432	 250	 0.00	 0.97	 0.31	
433	 60	 0.78	 0.97	 0.30	
434	 134	 0.52	 0.97	 0.30	
435	 68	 0.76	 0.97	 0.30	
436	 250	 0.00	 0.97	 0.30	
437	 58	 0.79	 0.97	 0.30	
438	 88	 0.68	 0.97	 0.30	
439	 250	 0.00	 0.97	 0.30	
440	 250	 0.00	 0.97	 0.29	
441	 250	 0.00	 0.97	 0.29	
442	 250	 0.00	 0.97	 0.29	
443	 173	 0.38	 0.97	 0.29	
444	 250	 0.00	 0.97	 0.28	
445	 37	 0.87	 0.97	 0.28	
446	 225	 0.19	 0.97	 0.28	
447	 250	 0.00	 0.97	 0.28	
448	 11	 0.96	 0.97	 0.28	
449	 22	 0.92	 0.97	 0.28	
450	 200	 0.28	 0.97	 0.28	
451	 140	 0.50	 0.97	 0.28	
452	 137	 0.51	 0.97	 0.27	
453	 250	 0.00	 0.97	 0.27	
454	 137	 0.51	 0.97	 0.27	
455	 43	 0.85	 0.97	 0.27	
456	 250	 0.00	 0.97	 0.27	
457	 86	 0.69	 0.97	 0.27	
458	 60	 0.78	 0.97	 0.27	
459	 16	 0.94	 0.97	 0.27	
460	 25	 0.91	 0.97	 0.27	
461	 51	 0.82	 0.97	 0.26	
462	 250	 0.00	 0.97	 0.26	
463	 250	 0.00	 0.97	 0.26	
464	 250	 0.00	 0.97	 0.26	
465	 110	 0.60	 0.97	 0.26	
466	 250	 0.00	 0.97	 0.25	
467	 250	 0.00	 0.97	 0.25	
468	 250	 0.00	 0.97	 0.25	
469	 250	 0.00	 0.97	 0.25	
470	 57	 0.79	 0.97	 0.25	
471	 97	 0.65	 0.97	 0.24	
472	 244	 0.12	 0.97	 0.24	
473	 250	 0.00	 0.97	 0.24	
474	 250	 0.00	 0.97	 0.24	
475	 250	 0.00	 0.97	 0.23	
476	 250	 0.00	 0.97	 0.23	
477	 250	 0.00	 0.97	 0.23	
478	 250	 0.00	 0.97	 0.23	
479	 250	 0.00	 0.97	 0.22	
480	 250	 0.00	 0.97	 0.22	
481	 250	 0.00	 0.97	 0.22	
482	 250	 0.00	 0.97	 0.22	
483	 250	 0.00	 0.97	 0.21	
484	 250	 0.00	 0.97	 0.21	
485	 250	 0.00	 0.97	 0.21	
486	 250	 0.00	 0.97	 0.21	
487	 25	 0.91	 0.97	 0.21	
488	 169	 0.39	 0.97	 0.21	
489	 11	 0.96	 0.97	 0.21	
490	 45	 0.84	 0.97	 0.20	
491	 250	 0.00	 0.97	 0.20	
492	 250	 0.00	 0.97	 0.20	
493	 250	 0.00	 0.97	 0.20	
494	 250	 0.00	 0.97	 0.19	
495	 103	 0.63	 0.97	 0.19	
496	 187	 0.33	 0.97	 0.19	
497	 14	 0.95	 0.97	 0.19	
498	 250	 0.00	 0.97	 0.19	
499	 165	 0.41	 0.97	 0.19	
500	 250	 0.00	 0.97	 0.19	
501	 125	 0.55	 0.97	 0.18	
502	 250	 0.00	 0.97	 0.18	
503	 250	 0.00	 0.97	 0.18	
504	 213	 0.23	 0.97	 0.18	
505	 250	 0.00	 0.97	 0.17	
506	 77	 0.72	 0.97	 0.17	
507	 250	 0.00	 0.97	 0.17	
508	 250	 0.00	 0.97	 0.17	
509	 250	 0.00	 0.97	 0.17	
510	 75	 0.73	 0.97	 0.17	
511	 250	 0.00	 0.97	 0.16	
512	 155	 0.44	 0.97	 0.16	
513	 250	 0.00	 0.97	 0.16	
514	 61	 0.78	 0.97	 0.16	
515	 153	 0.45	 0.97	 0.16	
516	 250	 0.00	 0.97	 0.15	
517	 40	 0.86	 0.97	 0.15	
518	 57	 0.79	 0.97	 0.15	
519	 16	 0.94	 0.97	 0.15	
520	 89	 0.68	 0.97	 0.15	
521	 250	 0.00	 0.97	 0.15	
522	 97	 0.65	 0.97	 0.15	
523	 11	 0.96	 0.97	 0.15	
524	 27	 0.90	 0.97	 0.15	
525	 250	 0.00	 0.97	 0.15	
526	 210	 0.24	 0.97	 0.14	
527	 250	 0.00	 0.97	 0.14	
528	 143	 0.49	 0.97	 0.14	
529	 55	 0.80	 0.97	 0.14	
530	 250	 0.00	 0.97	 0.14	
531	 34	 0.88	 0.97	 0.14	
532	 23	 0.92	 0.97	 0.14	
533	 60	 0.78	 0.97	 0.14	
534	 250	 0.00	 0.97	 0.13	
535	 109	 0.61	 0.97	 0.13	
536	 237	 0.15	 0.97	 0.13	
537	 23	 0.92	 0.97	 0.13	
538	 24	 0.91	 0.97	 0.13	
539	 85	 0.69	 0.97	 0.13	
540	 140	 0.50	 0.97	 0.13	
541	 79	 0.72	 0.97	 0.13	
542	 15	 0.95	 0.97	 0.13	
543	 15	 0.95	 0.97	 0.13	
544	 10	 0.96	 0.97	 0.13	
545	 54	 0.81	 0.97	 0.13	
546	 90	 0.68	 0.97	 0.12	
547	 17	 0.94	 0.97	 0.12	
548	 62	 0.78	 0.97	 0.12	
549	 40	 0.86	 0.97	 0.12	
550	 27	 0.90	 0.97	 0.12	
551	 25	 0.91	 0.97	 0.12	
552	 27	 0.90	 0.97	 0.12	
553	 38	 0.86	 0.97	 0.12	
554	 135	 0.51	 0.97	 0.12	
555	 250	 0.00	 0.97	 0.12	
556	 250	 0.00	 0.97	 0.12	
557	 97	 0.65	 0.97	 0.11	
558	 250	 0.00	 0.97	 0.11	
559	 250	 0.00	 0.97	 0.11	
560	 12	 0.96	 0.97	 0.11	
561	 16	 0.94	 0.97	 0.11	
562	 250	 0.00	 0.97	 0.11	
563	 239	 0.14	 0.97	 0.10	
564	 243	 0.13	 0.97	 0.10	
565	 162	 0.42	 0.97	 0.10	
566	 114	 0.59	 0.97	 0.10	
567	 211	 0.24	 0.97	 0.10	
568	 250	 0.00	 0.97	 0.10	
569	 121	 0.56	 0.97	 0.10	
570	 27	 0.90	 0.97	 0.10	
571	 250	 0.00	 0.97	 0.10	
572	 91	 0.67	 0.97	 0.10	
573	 250	 0.00	 0.97	 0.10	
574	 250	 0.00	 0.97	 0.10	
575	 45	 0.84	 0.97	 0.10	
576	 127	 0.54	 0.97	 0.10	
577	 250	 0.00	 0.97	 0.10	
578	 86	 0.69	 0.97	 0.10	
579	 109	 0.61	 0.97	 0.10	
580	 250	 0.00	 0.97	 0.10	
581	 125	 0.55	 0.97	 0.10	
582	 195	 0.30	 0.97	 0.10	
583	 55	 0.80	 0.97	 0.10	
584	 40	 0.86	 0.97	 0.10	
585	 250	 0.00	 0.97	 0.10	
586	 88	 0.68	 0.97	 0.10	
587	 204	 0.27	 0.97	 0.10	
588	 105	 0.62	 0.97	 0.10	
589	 250	 0.00	 0.97	 0.10	
590	 250	 0.00	 0.97	 0.10	
591	 250	 0.00	 0.97	 0.10	
592	 111	 0.60	 0.97	 0.10	
593	 99	 0.64	 0.97	 0.10	
594	 227	 0.18	 0.97	 0.10	
595	 45	 0.84	 0.97	 0.10	
596	 20	 0.93	 0.97	 0.10	
597	 84	 0.70	 0.97	 0.10	
598	 11	 0.96	 0.97	 0.10	
599	 54	 0.81	 0.97	 0.10	
600	 10	 0.96	 0.97	 0.10	
601	 9	 0.97	 0.97	 0.10	
602	 9	 0.97	 0.97	 0.10	
603	 250	 0.00	 0.97	 0.10	
604	 94	 0.66	 0.97	 0.10	
605	 250	 0.00	 0.97	 0.10	
606	 157	 0.43	 0.97	 0.10	
607	 72	 0.74	 0.97	 0.10	
608	 131	 0.53	 0.97	 0.10	
609	 250	 0.00	 0.97	 0.10	
610	 178	 0.36	 0.97	 0.10	
611	 248	 0.11	 0.97	 0.10	
612	 227	 0.18	 0.97	 0.10	
613	 250	 0.00	 0.97	 0.10	
614	 250	 0.00	 0.97	 0.10	
615	 250	 0.00	 0.97	 0.10	
616	 250	 0.00	 0.97	 0.10	
617	 250	 0.00	 0.97	 0.10	
618	 168	 0.40	 0.97	 0.10	
619	 249	 0.10	 0.97	 0.10	
620	 10	 0.96	 0.97	 0.10	
621	 250	 0.00	 0.97	 0.10	
622	 103	 0.63	 0.97	 0.10	
623	 250	 0.00	 0.97	 0.10	
624	 10	 0.96	 0.97	 0.10	
625	 35	 0.87	 0.97	 0.10	
626	 141	 0.49	 0.97	 0.10	
627	 95	 0.66	 0.97	 0.10	
628	 59	 0.79	 0.97	 0.10	
629	 250	 0.00	 0.97	 0.10	
630	 250	 0.10	 0.97	 0.10	
631	 67	 0.76	 0.97	 0.10	
632	 250	 0.00	 0.97	 0.10	
633	 250	 0.00	 0.97	 0.10	
634	 250	 0.00	 0.97	 0.10	
635	 50	 0.82	 0.97	 0.10	
636	 8	 0.97	 0.97	 0.10	
637	 250	 0.00	 0.97	 0.10	
638	 122	 0.56	 0.97	 0.10	
639	 30	 0.89	 0.97	 0.10	
640	 144	 0.48	 0.97	 0.10	
641	 67	 0.76	 0.97	 0.10	
642	 24	 0.91	 0.97	 0.10	
643	 250	 0.00	 0.97	 0.10	
644	 250	 0.00	 0.97	 0.10	
645	 250	 0.00	 0.97	 0.10	
646	 109	 0.61	 0.97	 0.10	
647	 250	 0.00	 0.97	 0.10	
648	 250	 0.00	 0.97	 0.10	
649	 250	 0.00	 0.97	 0.10	
650	 250	 0.00	 0.97	 0.10	
651	 250	 0.00	 0.97	 0.10	
652	 250	 0.00	 0.97	 0.10	
653	 250	 0.00	 0.97	 0.10	
654	 250	 0.00	 0.97	 0.10	
655	 250	 0.00	 0.97	 0.10	
656	 250	 0.00	 0.97	 0.10	
657	 250	 0.00	 0.97	 0.10	
658	 250	 0.00	 0.97	 0.10	
659	 250	 0.00	 0.97	 0.10	
660	 250	 0.00	 0.97	 0.10	
661	 250	 0.00	 0.97	 0.10	
662	 250	 0.00	 0.97	 0.10	
663	 250	 0.00	 0.97	 0.10	
664	 250	 0.00	 0.97	 0.10	
665	 250	 0.00	 0.97	 0.10	
666	 250	 0.00	 0.97	 0.10	
667	 250	 0.00	 0.97	 0.10	
668	 24	 0.91	 0.97	 0.10	
669	 250	 0.00	 0.97	 0.10	
670	 250	 0.00	 0.97	 0.10	
671	 250	 0.00	 0.97	 0.10	
672	 250	 0.00	 0.97	 0.10	
673	 250	 0.00	 0.97	 0.10	
674	 250	 0.00	 0.97	 0.10	
675	 250	 0.00	 0.97	 0.10	
676	 158	 0.43	 0.97	 0.10	
677	 250	 0.00	 0.97	 0.10	
678	 250	 0.00	 0.97	 0.10	
679	 193	 0.31	 0.97	 0.10	
680	 250	 0.00	 0.97	 0.10	
681	 250	 0.00	 0.97	 0.10	
682	 250	 0.00	 0.97	 0.10	
683	 250	 0.00	 0.97	 0.10	
684	 250	 0.00	 0.97	 0.10	
685	 28	 0.90	 0.97	 0.10	
686	 250	 0.00	 0.97	 0.10	
687	 250	 0.00	 0.97	 0.10	
688	 250	 0.00	 0.97	 0.10	
689	 250	 0.00	 0.97	 0.10	
690	 250	 0.00	 0.97	 0.10	
691	 236	 0.15	 0.97	 0.10	
692	 206	 0.26	 0.97	 0.10	
693	 63	 0.77	 0.97	 0.10	
694	 250	 0.00	 0.97	 0.10	
695	 250	 0.00	 0.97	 0.10	
696	 250	 0.00	 0.97	 0.10	
697	 250	 0.00	 0.97	 0.10	
698	 250	 0.00	 0.97	 0.10	
699	 250	 0.00	 0.97	 0.10	
700	 250	 0.00	 0.97	 0.10	
701	 250	 0.00	 0.97	 0.10	
702	 250	 0.00	 0.97	 0.10	
703	 250	 0.00	 0.97	 0.10	
704	 250	 0.00	 0.97	 0.10	
705	 250	 0.00	 0.97	 0.10	
706	 250	 0.00	 0.97	 0.10	
707	 250	 0.00	 0.97	 0.10	
708	 250	 0.00	 0.97	 0.10	
709	 250	 0.00	 0.97	 0.10	
710	 250	 0.00	 0.97	 0.10	
711	 250	 0.00	 0.97	 0.10	
712	 250	 0.00	 0.97	 0.10	
713	 250	 0.00	 0.97	 0.10	
714	 250	 0.00	 0.97	 0.10	
715	 250	 0.00	 0.97	 0.10	
716	 14	 0.95	 0.97	 0.10	
717	 250	 0.00	 0.97	 0.10	
718	 244	 0.12	 0.97	 0.10	
719	 250	 0.00	 0.97	 0.10	
720	 250	 0.00	 0.97	 0.10	
721	 81	 0.71	 0.97	 0.10	
722	 53	 0.81	 0.97	 0.10	
723	 250	 0.00	 0.97	 0.10	
724	 250	 0.00	 0.97	 0.10	
725	 250	 0.00	 0.97	 0.10	
726	 250	 0.00	 0.97	 0.10	
727	 250	 0.00	 0.97	 0.10	
728	 250	 0.00	 0.97	 0.10	
729	 250	 0.00	 0.97	 0.10	
730	 250	 0.00	 0.97	 0.10	
731	 86	 0.69	 0.97	 0.10	
732	 250	 0.00	 0.97	 0.10	
733	 87	 0.69	 0.97	 0.10	
734	 36	 0.87	 0.97	 0.10	
735	 250	 0.00	 0.97	 0.10	
736	 250	 0.00	 0.97	 0.10	
737	 9	 0.97	 0.97	 0.10	
738	 78	 0.72	 0.97	 0.10	
739	 22	 0.92	 0.97	 0.10	
740	 8	 0.97	 0.97	 0.10	
741	 250	 0.00	 0.97	 0.10	
742	 250	 0.00	 0.97	 0.10	
743	 63	 0.77	 0.97	 0.10	
744	 206	 0.26	 0.97	 0.10	
745	 106	 0.62	 0.97	 0.10	
746	 126	 0.55	 0.97	 0.10	
747	 137	 0.51	 0.97	 0.10	
748	 250	 0.00	 0.97	 0.10	
749	 250	 0.00	 0.97	 0.10	
750	 250	 0.00	 0.97	 0.10	
751	 250	 0.00	 0.97	 0.10	
752	 250	 0.00	 0.97	 0.10	
753	 99	 0.64	 0.97	 0.10	
754	 30	 0.89	 0.97	 0.10	
755	 36	 0.87	 0.97	 0.10	
756	 250	 0.00	 0.97	 0.10	
757	 250	 0.00	 0.97	 0.10	
758	 21	 0.92	 0.97	 0.10	
759	 250	 0.00	 0.97	 0.10	
760	 250	 0.00	 0.97	 0.10	
761	 250	 0.00	 0.97	 0.10	
762	 250	 0.00	 0.97	 0.10	
763	 250	 0.00	 0.97	 0.10	
764	 250	 0.00	 0.97	 0.10	
765	 250	 0.00	 0.97	 0.10	
766	 250	 0.00	 0.97	 0.10	
767	 250	 0.00	 0.97	 0.10	
768	 250	 0.00	 0.97	 0.10	
769	 250	 0.00	 0.97	 0.10	
770	 250	 0.00	 0.97	 0.10	
771	 250	 0.00	 0.97	 0.10	
772	 250	 0.00	 0.97	 0.10	
773	 250	 0.00	 0.97	 0.10	
774	 250	 0.00	 0.97	 0.10	
775	 250	 0.00	 0.97	 0.10	
776	 250	 0.00	 0.97	 0.10	
777	 195	 0.30	 0.97	 0.10	
778	 86	 0.69	 0.97	 0.10	
779	 250	 0.00	 0.97	 0.10	
780	 250	 0.00	 0.97	 0.10	
781	 165	 0.41	 0.97	 0.10	
782	 250	 0.00	 0.97	 0.10	
783	 250	 0.00	 0.97	 0.10	
784	 35	 0.87	 0.97	 0.10	
785	 250	 0.00	 0.97	 0.10	
786	 250	 0.00	 0.97	 0.10	
787	 250	 0.00	 0.97	 0.10	
788	 250	 0.00	 0.97	 0.10	
789	 250	 0.00	 0.97	 0.10	
790	 250	 0.00	 0.97	 0.10	
791	 250	 0.00	 0.97	 0.10	
792	 250	 0.00	 0.97	 0.10	
793	 250	 0.00	 0.97	 0.10	
794	 250	 0.00	 0.97	 0.10	
795	 250	 0.00	 0.97	 0.10	
796	 250	 0.00	 0.97	 0.10	
797	 250	 0.00	 0.97	 0.10	
798	 250	 0.00	 0.97	 0.10	
799	 250	 0.00	 0.97	 0.10	
800	 250	 0.00	 0.97	 0.10	
801	 250	 0.00	 0.97	 0.10	
802	 250	 0.00	 0.97	 0.10	
803	 250	 0.00	 0.97	 0.10	
804	 250	 0.00	 0.97	 0.10	
805	 250	 0.00	 0.97	 0.10	
806	 19	 0.93	 0.97	 0.10	
807	 250	 0.00	 0.97	 0.10	
808	 72	 0.74	 0.97	 0.10	
809	 250	 0.00	 0.97	 0.10	
810	 39	 0.86	 0.97	 0.10	
811	 250	 0.00	 0.97	 0.10	
812	 86	 0.69	 0.97	 0.10	
813	 250	 0.00	 0.97	 0.10	
814	 250	 0.00	 0.97	 0.10	
815	 250	 0.00	 0.97	 0.10	
816	 250	 0.00	 0.97	 0.10	
817	 250	 0.00	 0.97	 0.10	
818	 250	 0.00	 0.97	 0.10	
819	 250	 0.00	 0.97	 0.10	
820	 250	 0.00	 0.97	 0.10	
821	 250	 0.00	 0.97	 0.10	
822	 250	 0.00	 0.97	 0.10	
823	 250	 0.00	 0.97	 0.10	
824	 250	 0.00	 0.97	 0.10	
825	 250	 0.00	 0.97	 0.10	
826	 250	 0.00	 0.97	 0.10	
827	 250	 0.00	 0.97	 0.10	
828	 250	 0.00	 0.97	 0.10	
829	 250	 0.00	 0.97	 0.10	
830	 250	 0.00	 0.97	 0.10	
831	 250	 0.00	 0.97	 0.10	
832	 250	 0.00	 0.97	 0.10	
833	 250	 0.00	 0.97	 0.10	
834	 183	 0.34	 0.97	 0.10	
835	 250	 0.00	 0.97	 0.10	
836	 250	 0.00	 0.97	 0.10	
837	 250	 0.00	 0.97	 0.10	
838	 250	 0.00	 0.97	 0.10	
839	 216	 0.22	 0.97	 0.10	
840	 250	 0.00	 0.97	 0.10	
841	 250	 0.00	 0.97	 0.10	
842	 250	 0.00	 0.97	 0.10	
843	 250	 0.00	 0.97	 0.10	
844	 250	 0.00	 0.97	 0.10	
845	 250	 0.00	 0.97	 0.10	
846	 183	 0.34	 0.97	 0.10	
847	 250	 0.00	 0.97	 0.10	
848	 250	 0.00	 0.97	 0.10	
849	 226	 0.19	 0.97	 0.10	
850	 83	 0.70	 0.97	 0.10	
851	 250	 0.00	 0.97	 0.10	
852	 250	 0.00	 0.97	 0.10	
853	 250	 0.00	 0.97	 0.10	
854	 250	 0.00	 0.97	 0.10	
855	 250	 0.00	 0.97	 0.10	
856	 250	 0.00	 0.97	 0.10	
857	 250	 0.00	 0.97	 0.10	
858	 250	 0.00	 0.97	 0.10	
859	 250	 0.00	 0.97	 0.10	
860	 166	 0.40	 0.97	 0.10	
861	 250	 0.00	 0.97	 0.10	
862	 250	 0.00	 0.97	 0.10	
863	 250	 0.00	 0.97	 0.10	
864	 250	 0.00	 0.97	 0.10	
865	 115	 0.59	 0.97	 0.10	
866	 250	 0.00	 0.97	 0.10	
867	 250	 0.00	 0.97	 0.10	
868	 250	 0.00	 0.97	 0.10	
869	 250	 0.00	 0.97	 0.10	
870	 250	 0.00	 0.97	 0.10	
871	 250	 0.00	 0.97	 0.10	
872	 250	 0.00	 0.97	 0.10	
873	 18	 0.94	 0.97	 0.10	
874	 229	 0.18	 0.97	 0.10	
875	 250	 0.00	 0.97	 0.10	
876	 75	 0.73	 0.97	 0.10	
877	 250	 0.00	 0.97	 0.10	
878	 250	 0.00	 0.97	 0.10	
879	 250	 0.00	 0.97	 0.10	
880	 250	 0.00	 0.97	 0.10	
881	 250	 0.00	 0.97	 0.10	
882	 250	 0.00	 0.97	 0.10	
883	 250	 0.00	 0.97	 0.10	
884	 58	 0.79	 0.97	 0.10	
885	 9	 0.97	 0.97	 0.10	
886	 250	 0.00	 0.97	 0.10	
887	 250	 0.00	 0.97	 0.10	
888	 250	 0.00	 0.97	 0.10	
889	 250	 0.00	 0.97	 0.10	
890	 250	 0.00	 0.97	 0.10	
891	 250	 0.00	 0.97	 0.10	
892	 250	 0.00	 0.97	 0.10	
893	 250	 0.00	 0.97	 0.10	
894	 250	 0.00	 0.97	 0.10	
895	 250	 0.00	 0.97	 0.10	
896	 250	 0.00	 0.97	 0.10	
897	 250	 0.00	 0.97	 0.10	
898	 250	 0.00	 0.97	 0.10	
899	 185	 0.33	 0.97	 0.10	
900	 239	 0.14	 0.97	 0.10	
901	 250	 0.00	 0.97	 0.10	
902	 250	 0.00	 0.97	 0.10	
903	 250	 0.00	 0.97	 0.10	
904	 250	 0.00	 0.97	 0.10	
905	 250	 0.00	 0.97	 0.10	
906	 250	 0.00	 0.97	 0.10	
907	 250	 0.00	 0.97	 0.10	
908	 250	 0.00	 0.97	 0.10	
909	 250	 0.00	 0.97	 0.10	
910	 250	 0.00	 0.97	 0.10	
911	 250	 0.00	 0.97	 0.10	
912	 96	 0.65	 0.97	 0.10	
913	 250	 0.00	 0.97	 0.10	
914	 250	 0.00	 0.97	 0.10	
915	 250	 0.00	 0.97	 0.10	
916	 250	 0.00	 0.97	 0.10	
917	 250	 0.00	 0.97	 0.10	
918	 250	 0.00	 0.97	 0.10	
919	 250	 0.00	 0.97	 0.10	
920	 250	 0.00	 0.97	 0.10	
921	 250	 0.00	 0.97	 0.10	
922	 250	 0.00	 0.97	 0.10	
923	 250	 0.00	 0.97	 0.10	
924	 250	 0.00	 0.97	 0.10	
925	 250	 0.00	 0.97	 0.10	
926	 250	 0.00	 0.97	 0.10	
927	 250	 0.00	 0.97	 0.10	
928	 250	 0.00	 0.97	 0.10	
929	 250	 0.00	 0.97	 0.10	
930	 250	 0.00	 0.97	 0.10	
931	 250	 0.00	 0.97	 0.10	
932	 250	 0.00	 0.97	 0.10	
933	 250	 0.00	 0.97	 0.10	
934	 250	 0.00	 0.97	 0.10	
935	 250	 0.00	 0.97	 0.10	
936	 250	 0.00	 0.97	 0.10	
937	 250	 0.00	 0.97	 0.10	
938	 250	 0.00	 0.97	 0.10	
939	 250	 0.00	 0.97	 0.10	
940	 250	 0.00	 0.97	 0.10	
941	 250	 0.00	 0.97	 0.10	
942	 250	 0.00	 0.97	 0.10	
943	 250	 0.00	 0.97	 0.10	
944	 250	 0.00	 0.97	 0.10	
945	 250	 0.00	 0.97	 0.10	
946	 250	 0.00	 0.97	 0.10	
947	 250	 0.00	 0.97	 0.10	
948	 250	 0.00	 0.97	 0.10	
949	 250	 0.00	 0.97	 0.10	
950	 250	 0.00	 0.97	 0.10	
951	 250	 0.00	 0.97	 0.10	
952	 250	 0.00	 0.97	 0.10	
953	 250	 0.00	 0.97	 0.10	
954	 250	 0.00	 0.97	 0.10	
955	 250	 0.00	 0.97	 0.10	
956	 250	 0.00	 0.97	 0.10	
957	 250	 0.00	 0.97	 0.10	
958	 250	 0.00	 0.97	 0.10	
959	 250	 0.00	 0.97	 0.10	
960	 250	 0.00	 0.97	 0.10	
961	 250	 0.00	 0.97	 0.10	
962	 250	 0.00	 0.97	 0.10	
963	 250	 0.00	 0.97	 0.10	
964	 111	 0.60	 0.97	 0.10	
965	 250	 0.00	 0.97	 0.10	
966	 250	 0.00	 0.97	 0.10	
967	 250	 0.00	 0.97	 0.10	
968	 250	 0.00	 0.97	 0.10	
969	 250	 0.00	 0.97	 0.10	
970	 250	 0.00	 0.97	 0.10	
971	 250	 0.00	 0.97	 0.10	
972	 250	 0.00	 0.97	 0.10	
973	 250	 0.00	 0.97	 0.10	
974	 250	 0.00	 0.97	 0.10	
975	 250	 0.00	 0.97	 0.10	
976	 250	 0.00	 0.97	 0.10	
977	 250	 0.00	 0.97	 0.10	
978	 250	 0.00	 0.97	 0.10	
979	 250	 0.00	 0.97	 0.10	
980	 250	 0.00	 0.97	 0.10	
981	 250	 0.00	 0.97	 0.10	
982	 250	 0.00	 0.97	 0.10	
983	 32	 0.88	 0.97	 0.10	
984	 36	 0.87	 0.97	 0.10	
985	 250	 0.00	 0.97	 0.10	
986	 250	 0.00	 0.97	 0.10	
987	 250	 0.00	 0.97	 0.10	
988	 250	 0.00	 0.97	 0.10	
989	 250	 0.00	 0.97	 0.10	
990	 250	 0.00	 0.97	 0.10	
991	 151	 0.46	 0.97	 0.10	
992	 250	 0.00	 0.97	 0.10	
993	 250	 0.00	 0.97	 0.10	
994	 250	 0.00	 0.97	 0.10	
995	 250	 0.00	 0.97	 0.10	
996	 91	 0.67	 0.97	 0.10	
997	 160	 0.42	 0.97	 0.10	
998	 226	 0.19	 0.97	 0.10	
999	 250	 0.00	 0.97	 0.10	
